518685
495648
1022401
878953
502394
245981
503028
548121
326538
718594
279472
1009330
251409
1025129
472535
845125
1006654
801545
687519
830991
540440
532018
412021
832100
784239
784437
437431
543502
543509
690685
556661
255660
364530
1009500
458744
563212
913117
346196
799336
535929
627639
263876
557148
264263
633067
936957
831001
265298
265881
1012334
803036
1077982
536941
832844
781528
802222
461351
828147
435824
672515
280240
934786
784665
687334
633981
612367
824177
691830
269645
457190
270345
632466
576462
272394
563032
273222
632234
579796
558025
597187
287583
576657
288427
824885
588239
380876
652913
1155736
703591
295650
324218
896102
624751
851347
1023357
690081
554902
364376
459659
688067
813230
831549
1008864
621291
1023778
1024005
472628
307334
556652
346778
325598
348727
309147
878597
769315
630065
920863
631357
314026
880982
397436
713415
634537
865672
618812
315719
315939
825847
812578
316377
456548
350017
749915
807927
494839
781670
592531
345610
642377
318370
318372
604975
1131428
921975
646311
646314
462096
673921
646647
473307
673888
692871
626149
626156
868505
1167541
1067574
1090564
322110
374141
725564
1044522
649825
733629
655068
465384
638615
638631
512578
641020
646812
732983
466758
917497
1207764
641738
373985
641885
1046058
643451
678337
786575
538896
1119917
806075
715911
413774
1031559
334372
676673
954026
1290827
898915
513223
413782
496508
745421
335058
335209
335247
441244
650004
1168880
650124
373036
787047
943135
903938
452272
352882
558552
426073
916012
785612
695466
372386
1026397
1404181
1353441
464480
839782
819007
676850
1083395
682103
647078
943474
440955
383344
353540
1188727
880672
344763
414225
679292
781284
679435
467584
707121
837028
465047
645349
883355
399212
977890
442497
643667
966914
769574
816364
752121
818693
1020442
914274
915994
880024
414362
897127
899520
463650
540130
817304
1026720
744174
694904
712734
413887
1047127
697906
564030
754721
647639
1405533
709044
377609
729005
439910
711913
383439
880532
1203482
846876
572135
753396
808507
677714
801976
880005
1017067
524549
925863
853786
1074568
827212
571017
817172
441361
924901
752687
804345
753676
676737
805735
815052
558799
742908
728134
466615
923591
743602
959956
816402
927200
744473
816054
442688
464863
788491
786791
1040756
839332
836981
441714
952628
464521
392037
392203
392204
392207
734507
392886
563314
786874
897747
787274
643799
779762
927562
748738
992462
1331022
1036746
749510
753569
496133
396435
540742
838486
789457
524509
836320
835494
593301
641480
790413
755340
401317
1153650
1440741
1153311
1440866
924091
402105
402220
563491
741634
402234
935780
959827
595150
674783
904525
1218336
960324
853207
868504
960072
443293
549290
1231730
845731
558486
852921
815642
645772
942587
1158086
1089380
923929
563725
442381
560713
901214
816784
1067053
594781
594409
513697
562008
927530
960817
880214
913982
467642
754063
897342
790581
513971
937646
868354
749584
806144
804301
935530
869930
900054
681591
466769
679751
733043
416671
846490
1004624
1304265
990062
562925
540204
441251
786295
442496
425926
788182
901528
1043651
976986
1035255
805345
1174690
466500
903501
1269023
838523
538839
881110
778811
617994
878839
732373
513220
901496
826998
641405
1268526
605812
868585
647530
1317593
946471
959953
783845
868784
639072
868967
835175
562638
639002
975789
426336
594407
427237
770928
571645
1304007
806990
773411
923198
946305
901902
439884
1026859
775060
1043614
974439
1017633
1067494
899023
903289
681807
976672
1301322
1074172
898612
557930
846004
905095
1547388
940728
1246160
787802
898802
434022
851090
944199
791238
1142279
1394263
1174960
946300
444051
791738
935670
1120116
1490466
681561
1021480
1188877
927260
1120136
606667
827188
562508
447188
796228
1073207
447872
447880
1046043
839085
870377
1044277
892425
1027878
1073022
1060999
1158042
617999
562938
1188237
991935
565228
992660
853455
594461
818845
898826
643711
819133
1134386
449967
1301741
1271639
525092
838407
561072
821156
1103935
1204344
1030619
1168745
1026865
893615
1067831
1042012
678932
823919
940993
453803
900714
927077
647896
1135483
571835
759405
820047
1088672
841320
594637
1072554
902886
1319806
1167587
1415474
1087443
524566
571626
975671
1036795
1038324
1101800
570762
868432
903251
831395
690616
1230828
1070060
1318247
716499
852534
480332
834616
1086377
834796
1102460
480565
918778
759689
1262865
869957
853772
914487
961663
1176014
1423072
1103828
839992
840006
856103
856107
936680
681574
539373
856472
513507
857040
1142851
542357
1074113
537669
524108
1222488
947421
1067593
944413
936871
953081
645320
1019115
1090596
858835
1074628
943764
1083715
539011
897544
490142
564775
1154732
1386272
882309
1088375
929850
490336
935677
558466
961227
542385
1143000
916321
940975
952197
1088017
862952
916025
848596
492834
944880
946905
854422
854513
690283
760688
1422949
541865
946948
855422
1082982
871855
676913
745431
988999
961774
882816
1247437
917331
640205
715086
1020711
1263277
1190400
640836
874006
1220356
540213
1121182
677486
952855
884378
565369
1039014
1374366
1067287
1038176
560269
926521
1103209
1019382
875469
715835
644727
605426
506113
1333871
539161
1153761
1394324
1204849
593906
1218541
1088572
914277
759535
1153102
952261
539529
647074
541841
862502
862507
1046954
1086649
525024
677373
565202
1018860
901919
1190584
1168429
1030939
1187842
885940
1221922
679595
538997
1318827
1153152
928028
1005028
1030942
1046369
873188
947537
818605
1207641
647311
1086343
1090373
761800
646901
1031722
1120543
1224860
1364384
519728
944250
1220850
875103
519881
879956
1245835
1165727
1231404
819749
1021753
560884
782417
1299948
732899
760906
1045071
942340
1386086
679383
759381
1332689
961478
1364711
892053
1083427
1066889
878392
878393
1290956
640825
1203944
647243
573351
1191446
526829
1269135
758597
1031562
988791
733763
904258
954673
606392
866888
1017103
1219310
675054
1141907
1188410
975943
1374372
1017502
1189492
1204187
887672
642200
570732
676037
1017597
927253
1041617
1176000
1087471
1291293
1169032
716353
1223252
1206937
1206938
936855
1257594
1514966
1291161
890865
914482
716022
1381820
923919
1176337
867949
782117
534312
1142322
1073210
974257
976351
850404
942200
643835
1312383
1206333
543066
759372
905770
998755
639542
1364262
570924
639543
973535
992843
543606
760450
967114
1157574
922134
779302
1440828
544433
1320681
925857
1504657
926606
645647
641237
923793
544835
908108
908112
1120962
572140
1188765
715421
781294
1275366
1200427
779683
1332851
679525
967596
758962
545899
1083711
849894
993529
1339215
783797
1190618
644910
1072468
1205281
1084981
680257
674641
926359
1355089
1220815
557805
1085357
1216027
993631
1103581
911688
911695
1386444
1050179
1219696
1202532
974233
1086014
548691
1174371
1330579
976991
551238
1045256
991922
1023925
1088298
639759
1219029
1466375
1090360
1070842
919777
1026708
976649
1118925
675612
566640
1073006
1073034
932436
1102143
1332169
569445
1029727
1488396
574365
1026599
644079
1523119
574790
1231425
645653
575467
716035
575487
1364622
941669
575918
1189886
957166
942318
1246997
1054873
957264
957312
818466
1121958
957403
1257444
1454289
784848
646257
943650
957953
1320492
1332976
1088413
1089909
577382
785080
783496
645621
1321051
781549
1217868
606156
1333080
1217126
643771
945962
638983
1104515
578819
1207337
1101666
1017647
690943
947344
1231394
1081853
675991
1102392
1217378
1216259
769923
949074
949160
1187002
677902
1189377
949242
1023668
1291002
582532
689746
1317786
1216900
639745
1082406
962979
1174677
1085129
1017515
1262357
1459251
660312
1187610
744816
1101651
964448
585218
639986
836497
1459171
605579
1317978
1090094
990561
1070284
952804
1073188
1068553
926172
1203805
1043633
1122230
1068762
836709
1339559
1206925
643958
1222217
955791
991878
892972
1176505
1414910
644258
956440
588512
1083214
818579
1085982
617770
1072351
1191330
970908
957608
590070
971245
1133547
645769
1405452
994016
1333391
1320869
971832
679394
591567
591569
1134397
716026
972147
904958
959062
595693
794607
1223315
962242
1331868
893626
1291890
691765
786477
1459369
1258027
596637
716640
1090352
1030630
1291744
745170
1333192
1029063
680520
1061190
965877
1247217
680647
733583
817910
598273
966692
1100494
966701
1213423
966802
834164
1140145
1171489
1032938
988215
965496
1214589
599395
925141
981347
981458
1210952
776101
1308802
1229980
1151900
1014987
817075
982052
1244750
1032833
600212
756729
1211271
1183054
1353985
848527
886826
970838
1014836
1172620
1172854
1214898
971178
983880
983887
1353123
983891
1172124
1166734
1185612
601863
637197
975536
793310
817795
1297240
1015696
1402364
602782
616194
1132966
793155
972556
972560
1185211
605142
1032849
972621
1255991
1457622
985461
605275
985467
603517
1117443
1268039
1033900
974165
986516
986518
1329429
860959
986960
1267513
1230008
713769
1140637
1479920
953512
994475
1014458
1296259
1118409
1141481
616165
1080796
609264
834315
793018
996531
1230016
1171752
1081008
730528
833455
834935
1274217
1115866
636427
1079430
1199501
1267089
1034257
1404112
1198696
1079606
610983
1229457
1261840
1213686
1363307
1279701
1472955
1266947
756210
1080782
1243252
1000465
1174044
1267336
1261045
1266886
1152170
1273900
1472984
1293832
1182019
1068353
1274051
848346
636004
1197153
1411535
833429
1293948
1499736
1295655
1132067
792602
615132
1049771
1296768
1261540
1014105
1087171
924722
1132991
848899
619617
619721
619723
619739
1245599
996101
996105
1172329
755653
1101325
689148
1086917
997417
1457729
1456605
1063662
673409
1436307
1329776
884464
938712
776652
672912
1201934
672459
1152388
1308083
621228
1067919
877663
1534516
1310501
1138370
621667
755323
1214699
1483166
1473678
1480173
834118
1307794
1012250
1012388
1034109
1274073
1000899
1132023
713688
1375163
1166319
1303219
996597
865865
1311659
1032474
1410326
888349
1380965
1186624
775871
778912
1185820
1458792
1101344
1373556
1367768
1562282
1310330
862566
1118032
1298912
1184010
778982
1185950
984979
1340550
673456
635208
1181990
1172385
1118087
1099203
1487648
648386
755774
1094854
1330241
1480949
1034279
649076
649161
1034487
1310362
1310406
1182322
1198412
1310555
1474462
1079419
887915
1326348
1409651
985174
1118994
651743
1051285
1313005
689155
1213688
652000
925573
834165
1298972
730371
1381498
1213131
1322408
1185384
1296669
653801
834122
1209824
653812
887148
1171929
1314633
743413
1325902
1436332
862341
986647
1309563
1315043
1314851
1184352
713975
1244495
1338220
756931
656088
1414747
1173534
656554
1196797
1284838
1211476
1198415
656835
1210748
1296668
758361
1183746
1201423
1057265
963806
689017
1535322
657321
657509
793708
777469
1196891
1198417
1020841
1058005
1139229
1181995
1323003
1156406
1047970
1487354
1197401
755469
1287085
1337424
1048856
730791
659488
1061889
1202401
778755
663425
663435
1279727
663594
1373839
1240202
663961
1068002
664204
1056350
1068697
1056487
1069178
665089
665496
1071188
1057952
1071425
665597
1058437
665900
1058896
666466
667086
667231
1059561
667435
1074417
1170200
1060112
1090286
682679
1261205
1077098
1210787
1472976
1077527
1092507
1080344
1181965
1093416
1190015
1093721
1094561
685489
984993
1083061
1288143
686141
1316996
1083982
1473092
1084539
1293530
1084716
1323232
687000
687217
692741
987025
1090968
1105954
792717
865583
1092067
1092147
1197248
1108308
1092738
1337615
1109370
696478
1093772
1110022
1200112
864542
697538
1095530
697992
1095933
698135
1486156
1111654
1196901
1117585
952963
1097463
1097906
1098076
1307658
1309322
863758
1113524
700589
1100133
700615
885134
1113755
1266976
755312
1101529
1171785
1114550
1114915
701721
1299284
1501653
1115200
1115354
1118211
1117478
703671
1106125
1096894
1521566
1197846
705007
1363130
1120498
834112
1230370
885325
1212936
1329356
1546681
986565
1138891
1294624
1122297
848764
901806
1199278
1185836
757230
863641
757231
1293298
778604
1172353
1182993
1170152
1353124
887648
1326887
776559
987022
1197975
1503867
1267738
1124593
1110643
1215010
1393282
888209
987248
861900
708885
1125800
1329140
891321
1210906
890548
1185823
1111991
1070771
709618
1472917
889770
1127542
925719
1200245
1330421
1198118
1113007
1141489
1315839
710561
755029
1392028
792772
1213517
1197098
1135709
903364
1328091
1139914
1337772
1123186
1210934
1229627
1230197
1136981
1183439
1137078
1152488
1137099
1540975
719102
903578
1274134
1328684
1138789
1139194
1126111
1126112
1139149
1315623
1171982
1329270
721839
888491
722517
1337447
1267579
1020611
1346058
1489767
1128907
1290125
1317186
1296012
849107
1096877
1184604
1534450
816655
1213843
1408997
1164505
1210791
1155854
984478
1198590
849642
1482194
1210644
1243700
1146103
1146114
1116166
966157
1384556
1132166
1393278
1132871
903729
1147241
953556
1284615
1256144
1244112
726960
1329703
1185025
998199
1330055
1501064
727629
1280073
1329567
889627
1618262
793017
1411105
1135874
1373600
1534845
1352678
1149486
777903
1136779
1149712
1312300
1392194
1288737
1312812
1212951
1414093
1150215
1185233
965901
1327733
1185544
860793
1395965
1156009
1324875
1184995
1230087
1421572
1144690
1396236
1463110
1328550
734376
1155817
1155821
734442
1145324
793277
1353776
1145896
734873
1156717
864967
735120
1268272
1473694
1567177
1391308
1146603
1514761
1393378
776156
1158743
997920
1347065
1366625
1158755
1307530
890050
1214708
736177
736296
1383531
1039814
1457786
1139708
1102577
1159349
864937
736777
1148172
1449419
1627114
1159732
1148402
1040072
1363692
1283533
1149187
1149207
1182203
1535188
877518
1020884
1316256
865823
738732
1404392
1363654
966794
1316257
1243906
1556752
739991
1403103
1245582
1284142
1403951
982806
1296325
1115247
1475279
1261486
860823
834295
1152555
1296695
1267572
887940
1153064
982719
754822
1287074
941390
1166325
778219
1573031
1153974
1353384
987256
1164695
1326917
1164911
1383059
742127
1328252
1212383
1172895
1567338
1295816
1155278
941217
1155280
816826
1307798
1260553
1170437
885787
1170862
1383181
1403056
1473442
964588
1290154
889876
1199421
1448583
1556323
746836
1322135
1160778
1161033
747193
952720
1393166
1582464
1101074
1175278
1323448
998281
1329722
1175618
1401639
1562698
1162885
1373666
1440036
888934
817244
1215166
1487501
1403313
1267466
1163818
1627164
1211446
1453603
777090
776010
755599
1380897
1164259
1463458
891082
1184180
1202158
861736
1165479
1266999
1285063
1211749
1534324
1256871
1477450
751278
751482
984472
751828
1403430
1068363
1411110
1309957
1180297
1367654
753146
1168312
1170469
753360
1310144
1274730
1244738
1169151
753948
1380674
1178427
1308771
890077
1192313
1178761
1330255
1309004
1202580
793311
865431
1383010
954054
1193493
1193505
1396344
885397
983713
1103183
1180098
1280683
763390
1400946
817965
763499
997250
964000
1421184
763612
1194718
763719
865249
1298487
966766
1195164
1401048
1195173
1195178
865817
1195378
1181394
1181412
966595
938890
1164835
1181805
903557
1383441
764569
1463359
1353398
1375172
1390233
1196106
764662
764736
1280282
1489438
1289973
1284799
1183565
1183574
987416
1183895
1183899
1311703
1384970
965933
1392941
1458565
1449059
1346083
1504280
1384530
1198419
1411421
1054275
1346196
888766
1561601
1311033
1401272
1313708
1198824
1375318
1409306
848906
1402310
1212415
1315107
1067934
816685
1199346
1494185
1583192
1309012
966573
1376151
1198154
1295778
1203739
1040379
1192142
1204230
771427
1192410
771633
1192704
1204922
1205177
963555
848480
1487787
772314
1212228
1205918
772814
1206661
1206670
1288542
773189
1194633
1207032
1194750
860160
773455
1207528
862486
884664
1195421
774051
1385829
1208214
774141
1195751
1195914
1195924
1209108
1209116
986703
1225525
1502190
788258
1226248
1226288
1226294
1384210
1208657
1411066
860535
1208865
1226803
1208925
789669
1245389
1209067
1210181
791173
1500273
791190
1067777
849750
1316956
1210838
1211108
1324372
1522452
795761
1220652
6
23
34
61
87
1330271
1631794
860960
1463246
271
270
984326
796575
1222984
1329452
1308094
796826
329
1223736
796852
1234699
952748
368
1294832
1235078
1413855
1235085
1224820
1313649
1224830
464
1456878
1235410
1373337
1235446
545
849630
1225666
1436612
572
798018
1225818
798108
1414418
1225838
798260
1225914
639
1226055
1338487
1226102
1310705
1226203
1236168
1236189
861755
986459
940187
863
1482001
1236455
1413291
1236495
1384300
799294
1473414
799458
1457834
1236815
1227367
1014
1030
1237613
1113
1330147
1237831
1164782
1228104
1151
1238255
1228316
1547380
1228414
1181
890329
1219
1228695
1228711
1228724
1261084
1347
1325452
1229380
1239856
1230147
1310354
1230161
803482
1512
902191
1230412
1241294
1579
1337416
884675
890765
1290128
1699
1721
1242663
888241
1761
1385566
1769
1779
1231893
1243578
849439
986440
1921
1244209
806121
986421
1232491
1244337
887135
1997
2009
1412839
2069
1295275
2075
1232860
1233132
1245542
1245548
1422413
807085
1392885
1246227
1233853
1367262
864906
2237
1246728
1362948
1288685
1499905
982803
808395
808407
1247857
1234740
1234802
808880
966338
1494040
1296203
1399882
1311436
1245379
1413332
1235494
985872
1493754
1413356
1410543
810259
1329091
810748
810763
810779
1310124
986018
1633710
1324674
1236774
903733
812146
1308795
1385902
812569
1522278
903772
1199843
1251791
865181
1251959
1070618
1412217
814399
1240298
2692
1483536
2694
1285792
1253531
815456
815866
1242359
1212685
1254265
1583653
966171
1258149
2826
2852
1408869
1403204
2941
863213
1329864
3000
3067
3086
3089
939456
820957
1288276
821122
1250184
1259206
3192
1412880
1582466
821376
1502025
1498689
3338
3354
1250560
1250570
1607773
1391854
3492
1259878
3493
3494
821990
1411272
3539
1260000
997876
3570
1412496
863039
1251031
1403165
822361
1251062
3600
1401010
1251181
3641
3694
3711
1251456
1492832
3728
1251558
3800
3814
3823
1068605
1261630
997619
1261654
1514280
1338759
4032
1261885
998162
1252426
1329559
1363556
4110
987447
1020362
1262548
4264
966307
862264
825453
1287273
4373
4379
825630
939650
4477
4501
1019790
4532
1254759
1263727
4573
1522963
4711
1413522
4766
4765
4792
4824
4825
1329622
984306
1310148
1289580
5136
1457675
864831
1430495
1412901
903381
1412270
5216
1257385
940098
5327
5384
966289
1393199
828322
1372749
1430869
1486329
1457811
5525
900971
829063
829066
1286842
1391747
1258492
1326347
5702
1401361
1258897
1258902
1115292
1373601
1021032
1259054
1265819
1265825
830636
1287119
1265899
1458668
5769
1266025
1296538
1259470
1430587
1259618
1267081
1440231
1362756
860963
832487
5886
1296180
5964
1400803
6067
6125
1295820
1601761
838109
6213
1463870
1270677
6275
838827
1413727
1401919
6337
839127
1264834
6394
1439956
1164746
1116317
1020358
6579
1401752
1632302
6602
840730
986188
1265778
1114854
1309566
6836
1274149
1513429
1095002
1574847
1274299
1475694
1380812
841347
1274554
1274557
841368
1475898
6982
7024
7028
7035
964771
1275037
1583053
1602015
7115
7122
1547173
1275765
1412303
1040131
7332
7335
1287689
7415
7428
7440
7445
1276379
843043
1313704
1607727
1267901
1116879
7550
7575
982972
1403027
1645280
7766
1268617
7825
1039807
1582977
1445464
1476155
844275
1277151
1285873
1391890
1345526
1164762
1071101
1345527
844544
1269413
885332
8164
1269701
844942
1412645
1325927
984330
1289504
984123
1277748
862175
8264
1402578
965122
1114851
1283283
1457999
1412154
845774
845782
1384916
1278060
1278065
1375969
1474071
1618473
1278139
1117978
8444
8461
8477
1309183
1278363
1602023
902962
846572
1038852
1252932
965240
1138971
1295241
1384975
1373488
1279074
1272811
1279140
1279189
1363475
1575905
1116679
8622
1475224
1521965
1327263
8676
8718
1285046
8789
8809
1102226
8932
8942
852219
8979
1363147
1282426
9000
1282431
1391198
9056
1282611
1373211
1283771
9324
1277286
1313934
9347
1599327
1283970
853859
1070572
1453397
1284191
9399
854150
1439727
9501
9511
9524
9528
9533
854538
1277778
982592
9589
854736
854797
9629
1593303
985486
1593039
9638
1286741
1383322
1464147
1286955
855175
1541533
1329413
9709
1278200
855302
855304
1561561
1287341
1383398
1278265
1287456
855533
1312468
9802
1278534
1457273
1288186
1463745
9990
1618507
1312475
10069
10078
10103
963364
10116
1096475
1279058
940191
1325752
10265
1612276
1409125
10360
1403666
1164817
1448979
10487
952463
10508
10521
857244
10535
1391667
1463015
1610091
1457298
1464245
1586815
1367210
983556
1280590
1290906
1019285
1593050
1291021
1385091
1281221
889087
1140278
1632806
1281350
1485467
11188
997066
997596
1040124
858821
1292103
1436956
1375670
1561996
1120261
11289
1292166
1448463
1292215
11326
1292275
11403
1448477
1644871
11473
11474
1429901
1448816
1302515
1183516
1302525
11540
1430299
11555
11558
1488901
1409371
1463878
1292809
871400
1498880
1292968
11732
1293339
11843
11844
11847
11849
1437089
1627602
1303654
1213292
11887
1293728
872469
872712
1330435
1294279
872824
872830
872835
872903
1583339
12053
12056
1337428
1593239
1503247
1214871
12188
1304966
1385048
1305268
1295712
12395
1295716
886973
12398
1500794
1560069
12407
1402381
1102209
873870
1430361
966163
1097619
1401184
1239761
1338506
12499
12504
1305809
12531
12533
1305881
12630
12653
965890
966442
1465355
983987
1541728
1412550
12851
12852
925520
1116289
1306704
1612279
889546
1547239
13044
1298581
1503144
875150
1306841
13092
13096
13191
1493696
1299492
966520
13283
13298
1409577
1541524
1612100
1138345
875616
13465
13468
875763
1120218
1458146
1300965
1392568
13588
1503436
1490949
13666
1326321
1413694
13729
13734
1308320
1115945
13742
13744
13748
1346617
13760
13764
1101879
13773
13775
1301920
1403109
1308580
13806
1140431
1440139
1302060
1039663
876339
13848
1302239
1491117
13913
1330604
887301
1512788
889790
1381303
1465390
876715
1071384
1302540
1372979
1493674
876853
985511
1400070
877229
1252634
1310022
877377
877378
1312745
1346094
1164975
1396386
879126
1304495
1313084
1304555
879276
1313097
1304560
1304858
879906
879923
1384897
966512
1305231
1315857
13972
1315886
880790
1316008
1482848
880810
1316046
1316468
1402858
1316803
1317038
1602098
881993
882737
1319307
1400551
1319883
1383259
1390671
883252
883280
1306949
1306997
883581
1322054
1333998
1323158
895039
1334694
1334821
1200063
1324460
895607
895613
1334973
1488754
1335045
1335308
1335405
1632918
896623
1411946
1345535
1326007
1326011
1380575
14158
897627
1326311
1485478
1326836
1366839
899068
899088
14176
1336665
1327604
1328024
1328155
900341
1512634
14201
14215
905438
14241
14243
14256
1115403
905548
1332904
905550
14265
14286
14287
905710
1340827
905883
1100675
1341277
14448
14465
1341612
14541
14575
14590
1342129
965903
1411952
1334656
14676
14678
907083
985737
1118836
1342591
14764
14786
14833
1342909
1335363
1335443
1253267
907766
1343069
1343074
1392277
1492972
908045
908061
1335761
1453828
908222
908232
15055
908303
1492277
908414
15108
15111
1336141
1343734
1560040
15232
1336283
908684
1336432
1054490
1139910
1336530
1599304
1384812
15467
909057
1344425
1344457
1412189
15536
1337024
1337038
1337050
1344641
15576
1140054
909548
15606
1384963
1337524
909732
15631
15640
1337656
909800
1345033
1345052
15658
1345316
1593151
1338414
15714
1338427
1457931
1345976
15724
1345994
1346005
1346007
1346777
1346781
1441044
1557089
1339125
1407732
1142974
1339371
910640
15834
910719
1347479
1560617
1340123
990878
1481586
15960
1340330
1340350
1340365
990349
1348375
1187727
1499217
911580
911718
1340771
16107
1341067
16146
1341589
1166214
1622506
912363
16192
16193
1341925
1108420
1342107
1350013
913034
913042
16394
16402
16404
1460158
1342675
1342682
16439
1351098
1351109
1124737
1351347
16511
16521
1342872
968550
1342939
1075683
1351943
915472
1406163
1352797
915628
1122558
1218889
1343631
1353723
1353725
16818
16825
16855
1343789
16902
1560724
1462291
1344044
1369104
917027
1388731
1108569
17002
1344317
917416
1415965
1356194
1356324
1344608
1344659
17120
1344682
1407223
1344793
918270
918273
1344802
1564179
1415697
1357515
1578730
1344993
17200
993166
17202
1357724
1641600
1345163
17231
1358620
1346116
17281
919866
17299
17322
17331
920069
1346666
1499814
17350
17352
17354
17355
17362
17365
17372
17371
17377
1490996
1495831
920956
921097
921100
1246900
1361063
1125440
1431928
1249766
1299811
1441586
1460176
1362434
1351401
923534
1362542
1351572
1590484
17812
17828
17856
17878
17946
17966
17990
18033
18040
18068
18116
18123
18133
1407618
1357267
18240
18260
991701
1357399
1365734
991987
1357674
18352
18365
18370
1366033
929299
18490
18496
18502
929419
1542670
929426
1358403
1358410
1358412
929556
929560
929563
1366206
929627
1387957
1491740
929775
18618
18619
1358920
1594261
1366445
1359210
18699
1643358
930404
1417885
18781
1366930
1407317
1359898
1359906
1617813
1417308
1360511
1589232
1200731
1367628
19137
1589571
1167199
19154
1122680
1124710
19222
1368699
19336
1557073
1388749
1361728
1382036
932557
1369041
1597754
1495984
1361835
1431626
1361890
19475
1369226
1388790
1362031
1369325
19576
932919
19625
19675
19679
19681
1573475
1588818
19752
19758
1387084
19814
19831
1509077
19859
1438155
19891
19915
19917
19943
933499
1490976
933516
1599848
1557375
1454484
1363233
1200965
1369946
1369950
1141125
1492355
1363370
20124
20140
1370029
20274
20275
20302
1509955
20437
20451
1388088
20476
1078627
20491
20535
20536
1407793
1364100
20631
1432102
1122381
20698
20735
20752
1368716
934896
1415930
969815
935004
1416751
1364680
20929
20970
1587233
20976
20977
1395075
1396505
935758
1524390
1599939
1166769
1460840
21092
21106
1365262
1108529
21201
1371739
1608462
1108918
1372003
1492766
1366161
1407495
1641524
1366254
1366256
938117
1406515
1241976
1366374
938288
1372279
1372375
943037
943038
943039
943323
21335
943681
21614
1375363
1375364
1321231
1651552
21663
1375498
21670
21674
1375506
1375512
21700
944134
21703
944260
1375766
1369832
1560816
1375880
1376081
944651
944658
993394
1370062
21899
21918
945107
1108885
1638072
1376702
1376707
945432
1462206
945705
1370444
22111
22169
22197
1406795
1377029
946092
1055483
1370653
22247
1186270
1377164
22316
1220179
1370747
1077656
1569298
1491736
1585380
1446503
947040
1507350
1515343
1396880
22534
947459
22547
1506528
947783
947793
22611
22618
947812
947906
947915
1377835
1377873
1377876
1376902
948058
1395168
1124030
22812
22815
22820
22846
1371611
22871
22958
948638
22970
22974
22976
22993
23000
1376866
1200572
23114
23119
23141
23162
23164
23210
949115
1372021
23266
23277
23293
23302
23355
23376
1055209
23408
23409
23420
23443
1498725
1509655
23571
949639
1379026
1379030
1554492
23623
23648
1407672
23679
1460245
1379199
1379268
1509089
1441294
1516265
950496
1446605
1415970
950802
950894
1481046
1379748
1481788
1373978
1417037
1569306
1272447
1536285
1481187
1490960
952412
1382320
1382351
24145
24165
24207
24365
24377
1508155
24384
1377925
24541
24542
24617
956502
1378243
1383497
1560754
1378253
956529
1579482
1378431
1590597
1384129
24793
24798
24805
1450281
24871
24892
24896
24908
24987
25001
1441004
1378848
1074102
25104
25116
1357215
1387935
957898
25166
1248921
1107451
1200455
25204
1126371
958277
1318936
958364
958429
1594575
958555
1395869
1379308
25383
999251
1379403
25405
1498460
1386583
1077672
1222150
1386696
1386697
25635
1216525
25640
25686
25687
959185
1247844
25786
25794
25797
25805
1125742
25912
25961
25962
1379858
26029
26130
26201
1380017
1566757
1201761
1590631
26392
26393
960619
1548775
1299736
960629
26470
26490
1380246
26541
1380306
1123093
26604
961132
1438049
1447382
1626807
1380665
1616824
1380760
1108881
1590566
1642201
999138
1357604
1635263
1381109
1631836
1381239
1389247
962093
1565085
1389379
1389383
1543145
1579285
1142224
26897
962593
962679
1573812
1389949
1510543
1572690
1324358
1396660
26949
26958
26998
27124
27134
27741
27507
28680
27652
28337
27585
28767
27512
28770
31470
28491
29060
29058
28929
28518
28572
29002
28148
28147
31424
29203
31471
27911
27855
28936
28461
1166540
1423655
970666
27344
1622852
1397586
27441
1442129
971286
31402
31419
31472
971485
1389858
1398236
1622902
1398301
1390034
1390039
27611
991787
1398685
1390616
1219151
1398799
1079151
1390865
1563598
972882
1390886
973124
1571702
1390913
1588660
1441249
1399278
1356849
1608645
1480592
28210
1637117
1496654
1597891
1561041
1219464
1566509
1392706
974859
974971
1469516
28605
28631
28638
1396964
1626351
28744
28765
1074734
1393236
1400760
28926
1393337
1400776
1564123
1582261
1569894
976026
1582304
1393703
1431729
1498157
29200
1587389
1394164
1461825
1460260
1341400
1401953
1142945
1394429
1394436
977185
1402058
1593956
1394553
1218945
29463
1402280
29466
29480
29492
29493
29531
29555
29551
29569
1219413
1395011
977746
1594726
1554557
1075873
1395148
1256294
977940
1219589
977952
1469077
29606
1395620
1403368
1405019
29635
1397537
980091
980094
1405613
1569445
980198
1397710
1405861
980375
1398015
1398020
980534
980641
980653
1398276
1406952
1406973
981023
1398479
1407876
1407885
981426
1407920
1407952
1398836
981498
1398887
981570
1398919
1398969
1399005
1399158
1408229
982000
1408726
993595
993601
1408488
1408489
1141768
994116
1408942
994744
29721
1409482
1419311
1460906
1022514
995193
1419695
1410253
1415782
1272377
1420217
995848
1411223
1411227
1420245
1561104
1420540
29789
1412233
999506
29810
1424182
999745
999751
1446895
1424210
29845
29847
29876
29908
29910
29914
1417385
1548107
1424373
29993
30007
1417560
1417660
1417686
1417804
30110
1417955
1418044
1424792
1418065
1141616
1000526
1565977
1000568
1418176
1000597
1418212
1424960
1223102
30187
1548835
1425158
1418448
1498757
1000796
1418466
1418481
1425188
1643549
30247
1481797
30308
1001087
1001109
1418903
1001204
1418996
30378
30382
30400
1598060
30417
1001430
30452
1419337
1419351
1419414
1426059
1419444
1642525
1590381
1001701
1446457
1523526
1419718
30580
1002035
1426464
30642
1426573
1002242
1426633
1426684
1420176
1426775
1426923
1426929
1002827
1002837
1600453
30785
1420505
30817
1578420
1600962
1003191
30854
30867
30920
1427242
1420739
1420796
31056
1003714
1421153
1594910
1421422
1427752
1651754
31110
1246053
1427846
31119
1004570
1421803
1492543
1427943
1636347
1005373
31183
1005510
1497753
1428323
1509623
1005548
1428471
1428517
1254183
1006161
1589149
31276
31285
1606296
31305
1285725
31332
1491767
1422856
31540
31592
31600
1549198
1423479
1272141
31677
31678
1055190
1429483
1423824
31743
1429715
1247306
1008179
1429844
31819
1429987
1506552
31885
31892
1424742
1509638
1009018
1424751
31966
32002
1009275
1009279
32010
1424932
1142927
32014
1542529
32024
32026
1510288
1430949
1431045
1641164
32110
1431331
32255
1010125
32295
1425598
1608403
32338
32345
32348
32381
1594452
1240917
32411
1432238
1010590
32441
32456
32458
32494
32504
32526
1576688
1648851
1011223
1542484
1467638
32637
1041142
1426432
1585512
1432919
1580815
1011809
1433016
1012038
32761
32768
1012281
1426849
1433196
32829
1249182
32900
32915
1012663
1012924
1499234
32995
1580424
1433612
1013108
1249360
33032
33046
33056
1509170
1594654
33061
33076
33119
33130
1126392
1014417
1434614
1319968
1499883
1015545
1578203
1434881
1435032
1435120
1435126
1016323
1016436
1429024
1429031
1435341
1435422
1429248
1016854
33223
1535757
1435563
1017007
1166486
1435647
1017151
1017276
1460072
1242186
1429518
1429532
1123598
33229
1509027
1429643
33233
33232
1643235
1429671
1429681
1571632
1482125
1438309
1438311
1498309
33268
1023626
1496600
33309
33360
33367
1126945
1249610
33400
1438522
33438
33552
1432739
1167681
1024834
33600
1589187
33655
33856
34076
34543
34642
34636
34197
34505
33670
33700
1025560
1508466
1439046
1025878
1025886
33798
1594468
1433502
1542712
1439391
1027003
1027331
1027447
1027477
1439653
1242058
1434018
34148
34162
1440543
1651135
1434148
34240
34247
1434152
1440561
1440564
1222585
1440570
1028858
1028865
1440687
1440689
1440690
1592067
1434230
1440791
1028973
1434237
34320
1029093
1029220
1499084
1029631
1434744
34541
34547
1435080
34610
1637216
1497671
1031991
34740
1032001
1032005
1435397
1435461
1435525
34858
34900
1650069
1442647
1600258
34994
34998
1442712
1548263
1435831
1435839
1286464
1435920
1127099
35260
35347
35345
35418
35442
1524201
1034006
1608922
1593638
1623720
1034143
1443245
1436782
35566
1624911
1436908
35657
35668
1247372
1482278
35716
35757
1443467
1437275
1599876
1443485
35821
1437402
35867
1123106
1437436
1443719
1461998
35920
1543120
35951
1581894
1622945
1035884
36014
36017
1498014
1036257
1444189
1576740
1444350
1444470
36109
36121
1439005
1444791
1445019
1542483
1439673
36182
1043333
1523428
36299
1442331
1442345
1442346
1043672
36386
1492195
1447810
1468935
1358209
1447868
1043841
36466
1447930
1043983
1637186
1442545
1591109
36561
36562
1044143
1044147
1573505
1357039
1044325
1448165
36677
36704
1044701
36739
1044840
1077427
1044857
1443094
1565454
1448607
36865
1606516
1443331
36951
36950
1443351
1569100
1443399
1046134
1443409
36978
1443501
1497998
1636692
1449717
37190
1449842
1047051
1450123
1516287
37366
1443885
1495292
37371
37384
1450339
1608367
1443994
37514
1469408
1444213
37543
1444264
37563
1450689
1048021
37912
37917
37945
1048702
1048730
38058
38068
38072
38096
1451386
38150
1451391
1606848
38173
38174
38181
38248
38327
38348
38362
38451
1577574
38520
38595
1055369
38636
1577199
38774
38901
1597096
1446796
38921
38991
39006
1491360
1249664
39026
39027
1447339
1585286
1052130
1452745
1496709
39049
1452748
1452751
1052284
1052285
1447771
1166135
1220745
1640855
1123859
1450462
39129
39230
39279
39306
39352
39403
39405
1122955
1056515
1455217
1455220
1651427
39547
1451070
1455530
1536296
1455540
1455609
1455637
1057063
1323884
39809
1451332
1451339
1451346
1221104
1057426
1057427
1451378
1570817
1272117
39985
1585074
40034
1623201
1451743
40079
40202
40220
1634556
1241447
1241656
1452146
40380
40442
40445
1458314
1458315
40596
40619
40622
40655
1219602
1458741
1242878
1059786
1599801
40814
1452578
1452618
1059955
1360560
1651739
1610623
1452804
1061073
1299788
41024
41095
41109
41128
1243426
41223
41227
41238
1219221
41248
41272
41313
41435
41476
1063232
1622953
1454774
1490673
1590303
1460981
1460985
41669
41676
41688
41713
41719
41729
1643506
1455079
1651846
1234131
1542981
1455672
1495282
1066475
1462738
1360856
1644053
1463179
1463182
1273305
1463302
1082137
1464177
1470667
1644026
1470793
1470917
1082901
1082993
1471011
1471032
1083251
1471258
41893
1465186
1465301
1465436
42021
42025
42027
42031
42035
1466128
42153
42197
42246
1466273
1472783
1472898
1354755
42317
42324
1466874
1466885
1357654
1473605
42425
1570841
1086432
1640547
1087532
1565561
42656
1087628
1087634
1357469
42731
1359286
1088157
1468383
1475028
42928
42937
1599794
42964
1475274
43015
43022
43056
43059
43095
43172
43188
1469061
43207
1469166
43239
43244
1090006
1090011
1360623
1469389
1187874
1324183
43346
1476672
43436
1626249
1476918
43476
1610753
1477140
1477237
1470168
1217085
1572435
1477647
43579
1622302
1631493
1477946
1318892
1470643
1478523
1478814
1478829
1321234
1356588
1547621
1493515
1109996
1493632
1110107
1110203
1483051
1493959
1494246
1483383
1110758
1484425
1484553
1484559
1111315
1484684
1111371
1495093
1485026
1485033
1111787
1485588
1112104
1485594
1112273
1485963
1486382
1112841
1632699
1486518
1113036
1486553
1486679
1535532
1486684
1324570
1487286
1487405
1224933
1563629
1113980
1114325
1114430
1511031
1511442
1511486
1128250
1501793
1512039
1512310
1502899
1503048
1513165
1503359
1129752
1129885
1503523
1129978
1513497
1513616
1513780
1503927
1130357
1130467
1622448
1504408
1514495
1130838
1505068
1131531
1131870
1505773
1132542
1506436
1506572
1132786
1517018
1507037
1517448
1517449
1517486
1517678
1134312
1517902
1565700
1134343
1508519
1135302
1508991
1324505
1518893
1518954
1518996
1510026
1510040
1510327
1576896
1136498
1519499
1136569
1510598
1579611
1510618
1519596
1519654
1520192
1137203
1137501
1137537
1520819
1520916
1524858
1651603
43832
1517154
1525228
43847
1525330
1144631
1518043
1518053
1525678
1637568
44051
44052
1525852
1145075
1525873
1581963
1581805
44080
1637487
1145578
1526467
1519021
1526537
44230
1286704
1519270
1519542
44313
44330
1146633
1146855
1569991
1520100
1520113
1147118
1520142
44474
1147282
1527655
44512
1642026
1520441
1147351
1147501
44603
1520938
1528151
1632223
44650
1528184
1528227
1528232
44685
44688
1521169
1528252
1641727
1528314
1585042
44726
1528390
44749
44780
1521697
1148469
1359542
1148673
44882
44950
44984
1148982
45063
45074
45093
1149546
1149656
1319342
1529541
45166
45191
45244
1186251
1150314
1634007
1530073
1150527
1524898
1150615
1530260
1524983
1150811
1525119
1525480
1151827
1151967
1217539
1531276
1531298
45573
1152133
1531406
1254466
1153178
45684
1153183
1526364
1526365
1356757
1531756
45731
1153425
1153555
1531923
45814
45812
45881
1527048
45915
1532283
1561096
1154799
45975
1633070
45996
1527457
1532474
1527490
1532555
46049
46104
46113
1649712
1532816
46135
1527956
1527972
1156098
1587178
46279
46282
46285
1156865
1528593
46348
1157268
46363
1533748
46417
1157436
1157469
1589868
46480
1534012
1158279
1158419
1529394
1534683
1529553
46610
1534829
1529781
46688
1530021
46782
46785
46784
46792
46794
46896
1554192
1160088
1530603
1530617
1530703
1530849
1530866
1160434
1605938
46944
1160446
46958
1160793
47034
1161180
1531611
1538163
1603021
1538305
1532411
1532486
1639411
1354935
1246501
1361018
1163240
1163300
1163607
47134
1167984
1167987
47182
47212
1537204
1537282
47358
1637142
1168794
1537301
47389
1569777
47486
47570
47602
47616
1537740
47639
1544089
1222140
1537897
1544208
47688
47714
1254418
47733
1538043
1170552
1636417
1544594
1171078
1538430
47867
47878
1538511
1225012
1171388
47942
47944
1538669
47997
48012
1171733
48039
1538894
1545098
48067
48084
1545218
1172544
1172577
1360378
1172827
48189
1173138
1173152
1173164
1539456
1173283
1644212
48313
48322
48330
48359
1606881
1539726
1546049
48491
1174581
1648810
1546197
48586
48638
48637
48658
1175416
1546965
1175765
48739
48748
1175837
1176277
1586229
1176415
1176430
48953
1541640
1548049
49097
49101
49138
49173
49196
1548318
1541904
49306
1177915
1177925
1542167
49449
49460
49492
49497
49496
49510
49511
1549122
1178270
1178568
49639
49656
49657
49661
49712
1178855
49799
1549780
49814
49861
49867
1543853
49924
1179265
1179309
1638956
1179445
1179452
1544178
1550356
50044
50045
50053
1544233
50062
1550425
1591889
1550562
1637793
1179889
50143
50165
1550770
1544526
50176
50187
1357624
1551128
1616614
1180674
1581961
1545181
1545331
1545334
1181508
1551921
1551959
1640195
1545870
1187335
1546295
1182986
50539
50541
50546
50557
50568
1188623
50574
1188628
1188637
50619
50646
1549554
50664
50681
1555256
50726
1549619
50735
50817
1189098
1549760
50961
1608933
1549906
51039
1550013
1189780
1550104
1190085
51108
51112
1555686
51159
1190426
1191047
1556115
1286224
1191559
1550645
1556343
1191571
1550652
51311
51350
51363
1191866
1550955
51479
51481
51510
51566
1192184
1192279
51697
51710
51716
1557717
1557720
1557735
1551381
51768
51770
51796
1557794
1192849
1551571
51843
51891
51889
51895
51912
51924
1558325
1558385
52128
52136
52146
52250
52296
52382
52423
52456
52493
1194180
1577264
52518
1552540
52538
1558667
1358184
52744
1638273
53200
53364
53117
53369
53290
53249
53257
52968
53366
1553333
1194952
1194955
52945
52984
1559010
1649494
1559057
1617134
53355
53360
53362
53553
1570867
1600382
1600477
53675
53686
1285518
1638963
53715
53753
53754
53775
53797
1644465
54032
54122
54144
54165
54192
54191
54194
54215
1204446
54272
54330
54332
54420
1205075
54502
54553
54608
54628
54629
54713
1573600
54817
54961
54960
54968
54966
54970
54969
55234
55354
55362
1642241
55474
1623186
55585
55653
55656
55699
55750
55790
55897
55965
55978
56069
56083
56131
56171
56213
56224
56235
56236
56241
56451
56460
56506
1616965
1561379
56707
56727
56823
56954
1573010
1567102
56977
1637678
57048
57053
57093
1584809
57132
1347296
57199
57198
57237
57285
57344
57687
57691
57697
57698
57699
1648180
1569646
1584869
57823
57875
57923
1228989
1574454
58358
58361
58456
1629334
1576326
58725
58752
58787
58798
58816
58817
1240461
1235105
1593443
58914
58970
58980
58981
1256790
1596929
59163
59166
59185
59219
59233
59300
59310
59328
59335
59498
59673
59759
59783
59805
1619774
59980
60060
1261258
1261525
60271
60294
60455
60527
1615307
60861
60963
1628861
61050
61119
61128
61133
61135
61138
1635957
1628202
1637383
61482
61512
1619393
1647349
1628490
1629899
1629959
61641
1316523
1614866
61940
61947
62054
1634211
62325
62399
62421
62434
62435
62446
62469
62543
62590
62622
1601457
1277690
62870
62897
62907
63008
63023
63046
63227
63286
63298
63573
63571
63574
63576
63673
64056
64284
64288
1351261
1607989
1619070
1604473
1610361
1638193
64814
64851
64860
64943
64954
64957
65014
65095
65260
65267
65271
1607253
1629799
65450
65452
65609
65630
1290687
65806
65807
65805
65871
65928
65931
65966
66146
1620209
1347272
66731
66750
1638161
1631112
67018
67080
67104
1615116
67142
67145
67175
67355
67358
67357
67361
67362
67364
67533
67560
67571
67698
67742
68020
1611704
68136
68163
68189
68239
68331
68416
68464
68535
68553
68555
68563
68665
68673
68701
68705
68714
68800
68810
68820
68898
68917
69160
69163
69227
1646790
69487
1646444
1635928
69747
69748
69946
69952
70058
70290
70423
70574
70576
70581
1330679
70772
70799
70894
1624375
71312
71347
71436
71484
71612
71656
71661
71726
1342162
1351037
72026
1653038
1653130
1653386
1653601
1653697
1653772
1653791
1653864
1653887
1726943
1726945
1726955
1727065
3308676
3289092
